Sam: 470.5882352941177
Carol: 470.5882352941177
Bob: 282.3529411764706
Alice: 376.4705882352941
