user2: 75.60220994475138
user11: 247.4254143646409
user0: 247.4254143646409
user10: 137.4585635359116
user9: 75.60220994475138
user4: 75.60220994475138
user8: 137.4585635359116
user1: 247.4254143646409
user12: 247.4254143646409
user6: 247.4254143646409
user3: 75.60220994475138
user13: 233.67955801104972
user7: 233.67955801104972
user5: 206.1878453038674
